$ 3 0.000005 10.20027730826997 50 5 50 5e-11
w 336 208 336 224 2
r 336 224 336 272 0 1000
w 336 272 336 288 2
r 336 288 336 336 0 1000
w 336 336 336 352 2
r 336 352 336 400 0 1000
w 336 400 336 416 2
r 336 416 336 464 0 1000
w 336 464 336 480 2
r 336 480 336 528 0 1000
w 336 528 336 544 2
r 336 544 336 608 0 1000
r 336 160 336 208 0 1000
197 784 456 904 456 0
157 1000 456 1120 456 0 7 0 0
w 760 552 784 552 0
w 760 520 784 520 0
w 760 488 784 488 0
w 760 432 760 488 0
w 760 592 760 552 0
w 656 432 760 432 0
w 664 336 624 336 0
w 664 512 664 336 0
w 656 432 608 432 0
w 656 520 656 432 0
w 688 512 664 512 0
w 688 520 656 520 0
w 592 528 688 528 0
154 688 520 760 520 1 3 0 5
w 632 568 696 568 0
w 632 288 632 568 0
w 624 576 696 576 0
w 624 336 624 576 0
w 584 336 624 336 0
w 616 584 696 584 0
w 616 384 616 584 0
w 584 384 616 384 0
w 608 592 696 592 0
w 608 432 608 592 0
w 584 432 608 432 0
w 600 600 696 600 0
w 600 480 600 600 0
w 584 480 600 480 0
w 592 608 696 608 0
w 592 528 592 608 0
w 584 528 592 528 0
w 584 616 696 616 0
w 584 576 584 616 0
154 696 592 760 592 1 7 0 5
w 336 208 368 208 0
a 416 216 488 216 10 5 0 1000000 4.375 0 100000
w 336 608 336 624 2
g 336 664 336 680 0 0
R 336 160 336 96 0 0 40 5 0 0 0.5
a 416 280 488 280 10 5 0 1000000 3.75 0 100000
a 416 408 496 408 10 5 0 1000000 2.499999999999999 0 100000
a 416 344 488 344 10 5 0 1000000 3.124999999999999 0 100000
w 368 208 416 208 0
w 336 272 416 272 0
w 336 336 416 336 0
w 336 400 416 400 0
a 424 616 496 616 10 5 0 1000000 0.6249999999999997 0 100000
a 424 536 504 536 10 5 0 1000000 1.2499999999999993 0 100000
a 424 472 496 472 10 5 0 1000000 1.8749999999999993 0 100000
w 336 464 424 464 0
w 336 528 424 528 0
r 336 624 336 664 0 1000
w 336 608 424 608 0
w 416 112 416 224 0
w 416 224 416 288 0
w 416 288 416 352 0
w 416 352 416 416 0
w 416 416 416 480 0
w 416 480 424 480 0
w 416 480 416 544 0
w 416 544 424 544 0
w 416 544 416 624 0
w 416 624 424 624 0
w 488 216 632 216 0
w 632 216 632 288 0
w 584 280 584 336 0
w 488 344 568 344 0
w 568 344 568 384 0
w 568 384 584 384 0
w 496 408 576 408 0
w 576 408 584 408 0
w 584 408 584 432 0
w 496 472 584 472 0
w 584 472 584 480 0
w 504 536 584 536 0
w 584 536 584 528 0
w 496 616 496 576 0
w 496 576 584 576 0
R 416 112 416 56 0 0 40 0 0 0 0.5
w 912 456 1000 456 0
w 912 488 1000 488 0
w 912 520 1000 520 0
w 912 552 1000 552 0
w 912 584 1064 584 0
w 912 616 1096 616 0
w 1096 616 1096 584 0
w 912 648 1128 648 0
w 1128 648 1128 584 0
w 584 280 488 280 0
x 995 410 1188 413 4 18 Seven-Segment\sDisplay
x 792 695 992 698 4 16 Seven-Segment\sDecoder\sIC
x 593 664 756 667 4 16 Priority\sEncoder\sCircuit
x 174 104 305 107 4 16 Reference\sVoltage
x 381 41 487 44 4 16 Supply\sVoltage
38 93 F1 0 0 5 -1 Voltage
