$ 3 0.0000049999999999999996 6.724437240923179 58 7 50 5e-11
197 1184 264 1264 264 0
157 1464 264 1528 264 0 7 0 1
174 128 -112 216 -96 1 5000 0.6980000000000001 Resistance
c 360 -112 408 -112 4 0.000049999999999999996 4.975124378173333 0.001 0
p 496 -280 496 -192 3 0 0 0
150 376 -280 496 -280 0 2 5 5
p 296 -80 296 0 3 0 0 0
150 672 248 736 248 1 2 5 5
150 672 312 736 312 1 2 0 5
150 672 384 744 384 1 2 5 5
155 -352 496 -296 496 0 5
155 -352 80 -280 80 0 5
155 -360 280 -328 280 0 0
R -280 656 -248 656 0 2 500 5 0 0 0.5
154 -184 88 -96 88 1 2 0 5
154 -184 288 -104 288 1 2 0 5
154 -176 504 -80 504 1 2 0 5
155 944 456 1016 456 0 5
155 944 312 984 312 0 0
155 944 160 1008 160 0 5
150 672 520 720 520 1 2 0 5
152 -8 192 72 192 1 2 0 5
152 112 360 192 360 1 2 0 5
w 1312 264 1464 264 0
w 1312 296 1464 296 0
w 1312 328 1464 328 0
w 1312 360 1464 360 0
w 1312 392 1696 392 0
w 1696 392 1696 264 0
w 1696 264 1656 264 0
w 1312 424 1736 424 0
w 1736 424 1736 296 0
w 1736 296 1656 296 0
w 1768 328 1656 328 0
w 1656 360 1672 360 0
w 1672 360 1672 512 0
r 1672 512 1672 584 0 100
g 1672 584 1672 616 0 0
w 1040 456 1120 456 0
w 1120 456 1120 360 0
w 1120 360 1184 360 0
w 1040 160 1128 160 0
w 1040 312 1064 312 0
w 1128 160 1128 296 0
w 1128 296 1184 296 0
w 1064 312 1184 328 0
w 736 248 872 248 0
w 872 248 872 160 0
w 872 160 944 160 0
w 736 312 944 312 0
w 744 384 872 384 0
w 720 520 896 520 0
w 896 520 896 488 0
w 896 488 944 488 0
w 896 488 896 344 0
w 896 344 944 344 0
w 896 344 896 192 0
w 896 192 944 192 0
w 640 528 648 712 0
w 640 528 672 528 0
w -256 80 -184 80 0
w -264 280 -184 280 0
w -256 496 -176 496 0
w -96 88 -64 88 0
w -64 88 -64 184 0
w -64 184 -8 184 0
w -104 288 -64 288 0
w -64 288 -64 200 0
w -64 200 -8 200 0
w 72 192 96 192 0
w 80 504 80 368 0
w -80 504 80 504 0
150 376 384 448 384 1 2 5 5
w 872 384 872 456 0
S 544 400 480 400 0 1 false 0 2
w 544 400 608 400 0
w 608 400 608 512 0
w 608 512 672 512 0
w 608 400 672 392 0
w 608 400 608 320 0
w 608 320 672 320 0
w 608 320 608 256 0
w 608 256 672 256 0
w 448 384 480 384 0
R 480 416 480 456 0 0 40 5 0 0 0.5
w 320 392 376 392 0
w 192 360 224 360 0
w 80 368 112 368 0
w 96 192 96 352 0
w 96 352 112 352 0
w 672 304 32 296 0
w 32 296 32 408 0
w 672 376 632 376 0
w 632 376 632 464 0
w 632 464 -456 472 0
a -824 -88 -752 -88 10 15 -15 1000000 4.285714285714286 3.15 100000
a -832 224 -736 224 10 15 -15 1000000 2.142857142857143 3.15 100000
a -832 120 -736 120 10 15 -15 1000000 2.857142857142857 3.15 100000
a -832 16 -752 16 10 15 -15 1000000 3.5714285714285716 3.15 100000
a -824 320 -752 320 10 15 -15 1000000 1.4285714285714288 3.15 100000
a -824 416 -736 416 10 15 -15 1000000 0.7142857142857144 3.15 100000
a -824 504 -736 504 10 15 -15 1000000 0 3.15 100000
154 -576 368 -408 368 0 3 0 5
154 -624 472 -456 472 0 7 5 5
w -736 416 -728 416 0
w -624 504 -720 504 0
w -720 504 -720 416 0
w -720 416 -728 416 0
w -624 520 -736 520 0
w -736 520 -736 504 0
w -624 488 -704 488 0
w -704 488 -704 320 0
w -704 320 -752 320 0
w -624 472 -688 472 0
w -688 472 -688 224 0
w -688 224 -736 224 0
w -624 456 -672 456 0
w -672 456 -672 120 0
w -672 120 -736 120 0
w -624 440 -656 440 0
w -656 440 -656 16 0
w -656 16 -752 16 0
w -640 -88 -752 -88 0
w -640 -88 -648 424 0
w -648 424 -624 424 0
w -408 368 -408 416 0
w -728 416 -576 408 0
w -576 408 -576 384 0
w -656 16 -616 16 0
w -616 16 -616 352 0
w -616 352 -576 352 0
w -688 224 -632 224 0
w -576 368 -632 368 0
w -632 368 -632 224 0
w -632 224 -464 232 0
w -464 80 -352 80 0
w -408 368 -408 280 0
w -408 280 -360 280 0
w -456 472 -456 496 0
w -456 496 -352 496 0
w -360 312 -384 312 0
w -384 656 -384 528 0
w -352 528 -384 528 0
w -384 528 -384 312 0
w -384 656 -336 656 0
w -208 296 -184 296 0
w -456 496 -456 592 0
w -456 592 -176 592 0
w -176 592 -176 512 0
w -464 232 -464 200 0
w -464 200 -464 80 0
w -824 -96 -1000 -96 0
w -832 8 -1000 8 0
w -832 112 -1000 112 0
w -824 312 -1000 312 0
r -1000 -96 -1000 8 0 1000
r -1000 8 -1000 112 0 1000
r -1000 112 -1000 216 0 1000
r -1000 312 -1000 408 0 1000
r -1000 408 -1000 504 0 1000
w -1000 408 -824 408 0
w -824 496 -1000 504 0
w -832 216 -1000 216 0
r -1000 216 -1000 312 0 1000
R -1000 -200 -1000 -272 0 0 40 5 0 0 0.5
w -824 -80 -912 -80 0
w -832 24 -912 24 0
w -832 232 -912 232 0
w -832 128 -912 128 0
w -824 424 -912 424 0
r -1000 -96 -1000 -200 0 1000
w -912 -200 -912 -80 0
w -912 -80 -912 24 0
w -912 24 -912 128 0
w -912 128 -912 232 0
w -912 232 -912 328 0
w -912 328 -824 328 0
w -912 328 -912 424 0
w -912 424 -912 520 0
w -912 520 -824 512 0
172 -912 -200 -912 -280 0 7 3.15 5 0 0 0.5 Voltage
g -1000 504 -1000 576 0 0
w -384 312 -384 112 0
w -384 112 -352 112 0
g 296 32 296 56 0 0
g 456 -48 456 -8 0 0
w -184 96 -184 232 0
w -464 232 -184 232 0
w -184 232 672 240 0
w -208 296 -208 408 0
w -408 416 -208 408 0
w -208 408 32 408 0
w 320 104 56 104 0
w 56 104 56 -112 0
w 56 -112 128 -112 0
w 296 -80 296 -112 0
w 224 -112 296 -112 0
w 296 -112 360 -112 0
w 296 0 296 32 0
w 408 -112 456 -112 0
w 456 -112 456 -48 0
w 296 -112 296 -296 0
w 296 -296 376 -296 0
R 376 -264 376 -208 0 0 40 5 0 0 0.5
w 376 376 376 176 0
w 376 176 576 176 0
w 576 176 568 -280 0
w 568 -280 496 -280 0
w 872 456 944 456 0
w 1312 456 1768 456 0
w 1768 328 1768 456 0
w 320 104 320 392 0
r 224 832 224 1016 0 100000
w -384 656 -384 712 0
w -384 712 648 712 0
g 224 1016 224 1080 0 0
153 512 832 592 832 1 2 5 5
c 592 832 672 832 4 0.00001 -6.3229421698451915e-12 0.001 0
153 736 840 816 840 1 2 0 5
r 672 832 672 720 0 2000
w 672 832 736 832 0
w 672 832 672 856 0
w 672 856 736 848 0
w 816 840 864 840 0
w 512 840 512 888 0
w 512 888 816 880 2
w 816 840 816 880 0
R 672 720 720 664 0 0 40 5 0 0 0.5
I 864 840 920 840 0 0.5 5
p 920 840 952 704 3 0 0 0
p 816 840 808 736 3 0 0 0
w 224 360 224 832 0
w 512 824 224 832 0
w 320 392 320 992 0
w 320 992 936 992 0
w 920 840 936 992 0
w -896 1016 -792 1016 2
a -1040 1016 -896 1016 8 5 -5 1000000 -1.1426770349557502 -2.500067867041604 100000
r -1040 1000 -1040 920 0 819.9999999999999
w -896 920 -896 1016 2
w -1040 1000 -1072 1000 2
w -1040 920 -896 920 0
c -1072 1000 -1120 1000 4 0.000001 -1.1426770349557502 0.001 0
g -1120 1000 -1200 1000 0 0
r -896 1016 -896 1112 0 1000
r -1040 1112 -1040 1192 0 1000
w -1040 1112 -1040 1032 0
w -1040 1112 -896 1112 0
w -792 1016 -440 1008 2
g -1040 1192 -1040 1248 0 0
w -440 1008 -336 656 0
I 392 104 448 104 0 0.5 5
w 448 104 752 104 0
g 1000 -72 1000 -8 0 0
w 296 -112 328 -160 0
w 328 -160 1000 -152 2
w 1000 -120 1000 -152 0
w 456 -112 736 -104 0
178 888 -96 784 -96 6 1 0.2 -4.94e-321 0.05 1000000 0.02 20 0.015 0.005 0
w 888 -64 1000 -72 0
w 784 -64 752 -64 0
w 752 104 752 -64 0
w 784 -80 744 -80 0
w 736 -104 744 -80 0
w 888 -96 1000 -96 0
w 1000 -120 1000 -96 0
d 344 56 408 56 2 default
w 320 104 344 56 0
w 392 104 408 56 0
o 229 64 0 4098 5 0.1 0 1
