$ 3 0.000049999999999999996 382.76258214399064 50 5 43 5e-11
w -168 184 -16 184 0
w -168 96 -168 184 2
w -312 168 -312 96 0
r -400 168 -312 168 0 1000
r -312 96 -168 96 0 1000
a -312 184 -168 184 8 5 -5 1000000 -1.6252467501354764e-12 0 100000
R -8 -80 56 -88 0 0 40 2.75 0 0 0.5
w -144 -56 -8 -80 0
w -232 -96 -728 -96 2
w -232 0 -232 -96 0
w -144 0 -232 0 2
g -144 128 -144 240 0 0
r -144 0 -144 128 0 1000
r -144 -56 -144 0 0 422500
g -544 184 -544 320 0 0
r -728 152 -544 152 0 1000
c -488 56 -456 56 4 0.000001 1.6252955078630298e-7 0.001 0
w -544 56 -488 56 0
w -400 56 -456 56 0
w -400 168 -400 56 2
a -544 168 -400 168 8 5 -5 1000000 1.625279255070479e-12 0 100000
g 1208 544 1208 576 0 0
r 1208 480 1208 544 0 100
w 1208 336 1208 480 0
w 968 432 1320 432 0
w 1320 304 1320 432 0
w 1208 304 1320 304 0
w 968 400 1280 400 0
w 1280 272 1280 400 0
w 1208 272 1280 272 0
w 1248 360 1248 368 0
w 1248 240 1248 360 0
w 1208 240 1248 240 0
w 968 368 1248 368 0
w 968 336 1016 336 0
w 968 304 1016 304 0
w 968 272 1016 272 0
w 968 240 1016 240 0
157 1016 240 1080 240 0 7 0 1
197 840 240 920 240 0
w 248 208 432 208 0
w 256 112 216 112 0
w 256 288 256 112 0
w 248 208 200 208 0
w 248 296 248 208 0
w 280 288 256 288 0
w 280 296 248 296 0
w 184 304 280 304 0
154 280 296 352 296 1 3 0 5
w 224 344 288 344 0
w 224 64 224 344 0
w 176 64 224 64 0
w 216 352 288 352 0
w 216 112 216 352 0
w 176 112 216 112 0
w 208 360 288 360 0
w 208 160 208 360 0
w 176 160 208 160 0
w 200 368 288 368 0
w 200 208 200 368 0
w 176 208 200 208 0
w 192 376 288 376 0
w 192 256 192 376 0
w 176 256 192 256 0
w 184 384 288 384 0
w 184 304 184 384 0
w 176 304 184 304 0
w 176 392 288 392 0
w 176 352 176 392 0
154 288 368 352 368 1 7 0 5
g 72 392 72 400 0 0
w 104 72 104 -24 0
w 104 312 104 360 0
w 104 264 104 312 0
w 104 216 104 264 0
w 104 168 104 216 0
w 104 120 104 168 0
w 104 72 104 120 0
w 72 344 104 344 0
w 72 296 104 296 0
w 72 248 104 248 0
w 72 200 104 200 0
w 72 152 104 152 0
w 72 104 104 104 0
w 72 56 104 56 0
R 72 8 32 8 0 0 40 5 0 0 0.5
r 72 344 72 392 0 560
r 72 296 72 344 0 1000
r 72 248 72 296 0 1000
r 72 200 72 248 0 1000
r 72 152 72 200 0 1000
r 72 104 72 152 0 1000
r 72 56 72 104 0 1000
r 72 8 72 56 0 1000
a 104 352 176 352 10 5 0 1000000 0.37037037037037035 1.6252467501354765e-7 100000
a 104 304 176 304 10 5 0 1000000 1.0317460317460316 1.6252467501354765e-7 100000
a 104 256 176 256 10 5 0 1000000 1.693121693121693 1.6252467501354765e-7 100000
a 104 208 176 208 10 5 0 1000000 2.3544973544973544 1.6252467501354765e-7 100000
a 104 160 176 160 10 5 0 1000000 3.0158730158730154 1.6252467501354765e-7 100000
a 104 112 176 112 10 5 0 1000000 3.6772486772486763 1.6252467501354765e-7 100000
a 104 64 176 64 10 5 0 1000000 4.338624338624338 1.6252467501354765e-7 100000
w -728 -96 -728 152 0
w -544 56 -544 152 0
w -544 56 -656 56 0
178 -544 -48 -408 -48 6 1 0.2 8.09918505987188e-23 0.05 1000000 0.02 20 0.015 0.005 0
w -656 56 -656 -48 0
w -656 -48 -544 -48 0
w -408 -64 -328 -64 0
w -328 -64 -328 56 0
w -328 56 -400 56 0
w -16 184 -16 -24 0
w -16 -24 104 -24 0
w 352 368 528 368 0
w 704 272 840 272 0
w 704 304 840 304 0
w 712 336 840 336 0
p -400 168 -400 280 3 0 0 0
p -168 184 -168 264 3 0 0 0
g -408 -16 -408 16 0 0
w -544 -16 -800 -16 0
w -800 -16 -808 352 0
I -960 520 -880 520 0 0.5 5
w -768 520 432 600 0
d -1320 528 -1272 528 2 default
c -1424 528 -1320 528 4 0.000011999999999999999 0.00100001187800558 0.001 0
155 528 144 584 144 0 5
155 528 256 584 256 0 0
155 528 368 600 368 0 0
w 496 144 528 144 0
w 496 256 528 256 0
w 528 648 528 600 0
w 528 600 528 400 0
w 528 400 528 288 0
w 528 288 528 176 0
w 624 144 704 144 0
w 704 144 704 272 0
w 624 256 664 256 0
w 664 256 664 304 0
w 664 304 704 304 0
w 624 368 712 368 0
w 712 368 712 336 0
w 432 208 432 144 0
w 432 144 496 144 0
w 496 256 496 296 0
w 352 296 496 296 0
g -312 200 -312 320 0 0
g -1568 704 -1568 760 0 0
w -1568 624 -1424 624 0
w -1568 624 -1568 544 0
r -1568 624 -1568 704 0 1000
r -1424 528 -1424 624 0 1000
g -1648 512 -1728 512 0 0
c -1600 512 -1648 512 4 0.000009999999999999999 -0.3882585998219297 0.001 0
w -1568 432 -1424 432 0
w -1568 512 -1600 512 2
w -1424 432 -1424 528 2
r -1568 512 -1568 432 0 150000
a -1568 528 -1424 528 8 5 -5 1000000 -0.3882585998219297 2.500144417650873 100000
w -768 520 -808 352 0
w -1568 728 -1336 728 0
w -1336 728 -1320 528 0
w -880 520 -768 520 0
I 432 600 528 600 0 0.5 5
w -1272 528 -960 520 0
o 13 64 0 4099 5 0.00009765625 0 2 13 3
o 124 64 0 4099 0.001220703125 0.00009765625 1 2 124 3
o 161 64 0 4099 5 0.4 2 2 161 3
38 6 F1 0 0 5 -1 Voltage
